2011.958

382.93

349.23

382.92

349.20

350.15

1967.875

382.95

air,

these

1994.042

1970.375

325.64

337.45

2006.125

337.44

1968.208

325.69

1983.875

2003.708

1991.625

#

349.18

313.84

370.97

313.83

1975.625

362.10

1978.042

1984.208

350.29

1

2

3

1999.792

4

325.51

362.04

5

325.52

1976.458

6

7

8

9

325.57

394.96

349.08

accessible

09:15:52

349.03

2004.542

362.20

350.36

350.38

1961.792

result

362.18

same

325.42

374.11

337.21

corr)

325.46

1960.542

325.47

a

1966.625

1985.458

namely

1997.708

data.

data,

the

362.29

2014.375

1962.125

337.17

1989.958

382.99

350.53

337.12

374.00

days

337.10

374.01

information

325.36

data;

1995.292

1974.875

313.33

362.44

Oceanography

1993.208

1961.375

compute

2010.708

386.05

374.33

374.31

325.27

1959.208

325.28

325.08

398.09

making

350.66

362.55

386.00

345.94

2005.375

345.96

1988.708

1977.292

2000.042

2014.792

1971.125

350.76

325.13

1990.875

1998.958

2013.542

345.86

345.82

386.32

362.64

2001.292

386.34

1970.792

386.26

"interpolated"

325.00

325.02

325.03

325.04

1992.458

325.06

374.50

(SIO)

minor.

345.75

1975.208

313.20

313.26

1969.458

1984.625

333.96

there

(season

333.93

374.44

well

333.92

333.91

1999.708

1976.042

345.64

321.95

321.96

1986.208

350.99

2004.125

321.94

362.86

1989.542

362.85

1965.875

362.83

mixtures

1960.125

1973.625

333.87

374.75

per

362.91

1985.875

1966.208

345.55

362.99

2009.875

386.43

2013.958

345.51

1996.042

345.52

386.40

slowly

million

333.76

374.64

398.58

374.63

398.52

398.53

1994.458

345.46

321.77

321.78

345.42

1974.458

2010.292

321.72

386.78

Pieter

have

1987.958

345.35

321.89

2002.042

321.87

discussed

321.84

374.79

386.66

2012.708

1968.292

386.61

2000.458

354.10

386.58

354.12

1971.542

398.35

374.87

345.25

366.00

1964.625

321.54

equally

321.51

321.52

321.50

354.18

1958.875

upon

333.39

386.94

1969.042

333.46

354.20

354.21

398.81

"average"

333.47

earlier

time.

333.40

1992.875

1997.292

321.49

321.66

345.16

1972.875

354.27

linearly

386.83

333.29

1981.375

1995.208

333.36

were

321.59

1980.125

321.31

398.59

345.01

366.25

1993.625

1989.125

1973.208

1986.625

1967.458

333.19

1959.625

333.23

1975.292

378.13

398.62

1988.792

2001.208

321.47

1970.708

2008.625

1979.708

2003.292

354.53

354.51

appropriate.

321.39

398.74

1980.542

365.79

389.44

389.45

377.61

integrity

330.99

1997.375

330.94

353.98

2011.042

330.92

377.65

353.92

342.63

1987.542

1990.042

377.49

1972.792

390.49

329.93

each

330.86

377.51

330.87

329.96

2001.792

value.

"trend"

330.81

389.60

317.94

365.98

342.56

1995.792

2014.708

availability

330.68

390.19

two

1973.125

330.77

1966.292

330.71

377.80

2010.208

does

1958.375

329.88

1993.708

2003.375

342.49

377.87

377.85

390.22

1979.625

390.24

ppm

329.72

330.59

2006.958

330.64

357.00

2008.542

357.06

1991.292

reasons.

implies

377.74

389.84

342.30

317.72

317.79

317.77

390.79

357.09

329.60

330.47

389.86

330.49

late

329.66

357.14

This

342.25

317.70

1988.375

389.73

2002.542

last

369.06

2000.958

342.23

2012.292

1979.208

369.04

1982.125

330.35

329.50

pieter.tans@noaa.gov)

389.75

330.43

These

Nov

357.27

1967.042

1962.625

329.56

317.81

317.80

317.50

390.54

369.18

1964.208

1998.125

330.29

317.58

357.29

dried

2007.792

330.25

330.31

330.33

1965.458

1978.875

329.44

1983.375

330.30

342.04

1959

2005.708

1958

early

369.25

1994.958

389.94

369.28

1987.125

1996.542

369.29

390.67

330.17

330.18

330.19

317.69

1963.875

1972.375

First,

2009.375

1965

329.31

330.20

357.46

1964

357.45

1963

1962

330.23

1961

329.35

1960

329.33

1981.792

NOTE:

1969

357.42

1968

1967

1966

317.30

370.22

2001.708

2013.042

330.07

317.36

330.09

370.29

1976

1978.458

382.02

1975

357.56

2003.792

1974

330.11

382.00

1973

1959.125

1972

1971

2010.625

1970

357.53

1979

1978

1977

317.40

317.45

369.49

1963.458

1990

317.49

317.48

317.47

370.19

1987

349.91

1986

1985

1984

349.90

1983

1982

2008.125

1981

Wed

329.12

1980

329.17

1989

1988

computed

317.13

390.99

317.12

317.10

1977.625

349.88

369.50

1969.542

2011.458

1998

1997

1996

382.22

357.76

1995

1994

2006.542

1993

1997.792

1992

1991

370.51

370.52

329.09

1999

means

370.36

369.69

369.67

317.24

370.31

1982.542

1991.208

370.33

317.28

1980.958

349.77

369.60

317.27

382.20

349.71

349.72

369.63

2004.958

1999.375

382.10

1995.708

382.16

357.82

337.98

337.95

1977.208

337.80

394.36

369.78

2007.375

before

presentation,

1981.708

370.66

1998.542

2002.958

2014.292

2011.875

shown

1983.792

382.48

1979.292

382.47

missing.

1993.292

357.97

potential

1969.958

394.45

317.01

1965.042

370.56

317.03

382.42

369.85

325.93

2012.208

325.94

1984.125

325.96

382.38

1964.292

325.99

337.77

CO2,

337.76

337.73

1961.875

394.14

values

their

382.74

general

1960.625

382.66

382.65

relies

1968.708

325.86

325.88

370.94

370.96

1996.958

394.21

337.60

370.92

370.79

1985.375

394.28

370.77

1962.208

1976.875

349.34

Data

350.02

2005.792

350.07

1990.458

mean

1992.042

325.76

337.54

394.31

394.30

been

1961.458

1985.125

1969.125

1990.708

2013.208

1993.125

depending

1992.792

326.32

338.13

383.58

1984.792

326.35

371.83

1974.958

395.54

371.82

2012.875

limitations

1971.292

1968.792

2005.458

1958.708

1998.875

371.65

2007.042

See

351.00

338.01

fields,

326.26

371.71

1977.375

371.70

326.09

average

1963.042

346.98

395.29

351.01

1976.542

383.81

383.77

1959.542

326.11

326.15

(303

326.17

326.18

2011.625

371.89

1967.542

1982.708

1986.375

stage

383.69

326.01

326.06

1983.958

346.77

1967.958

1976.125

346.75

1999.625

351.28

1973.708

346.71

2004.208

1960.208

351.30

363.05

383.99

363.04

334.97

351.32

363.03

334.95

1962.292

375.02

395.93

1970.458

375.00

395.98

7-year

1975.792

346.66

346.65

363.23

2001

363.22

2000

314.16

1991.542

2009.958

363.17

month

1994.375

383.89

351.44

334.83

2006.292

346.59

395.68

322.87

346.54

322.86

1985.542

additional

322.85

346.56

322.84

2012

2011

346.53

2010

346.52

387.02

2000.125

2009

2008

334.79

2007

363.28

2006

2005

334.78

351.53

2004

2003

2002

#days

1966.708

351.59

Manuscripts

351.61

363.39

1989.875

2014

2013

395.83

395.81

2014.458

346.36

1964.708

346.32

351.68

Institution

363.53

2005.042

387.20

334.59

334.58

387.16

1958.792

387.17

1966.792

322.78

1974.542

346.27

346.22

1988.625

1992.708

made

322.73

1995.125

363.63

removing

1967.125

334.48

1971.208

1986.792

363.59

334.43

399.23

1972.958

1993.542

CO2

363.78

363.77

363.76

2013.625

387.42

334.37

351.94

363.69

1970.875

375.65

1980.292

322.39

1975.375

322.38

346.09

375.62

322.59

322.57

346.06

322.56

may

322.55

375.47

1961.042

322.50

1984.708

387.30

2008.708

corrected

1965.542

387.31

334.27

2001.375

1959.958

375.50

399.00

322.25

1960.292

NOAA

use

subject

1991.958

1996.375

2000.542

2009.542

387.63

387.62

334.06

334.12

concentrated

1965.958

399.59

credit

322.19

322.16

2004.292

322.36

-1

6678;

Trend

includes

dry

scientists

355.01

1989.458

1973.792

322.27

1985.958

322.04

322.03

1987.875

355.07

387.88

355.10

1981.042

355.12

repeat

2007.958

make

1968.375

342.85

322.13

1974.125

1988.208

2002.125

367.05

342.87

387.78

(ppm)

342.80

375.93

1971.625

www.esrl.noaa.gov/gmd/ccgg/trends/

1994.792

375.98

322.07

322.05

375.95

318.87

1996.458

2000.625

343.41

391.00

Creation:

391.01

391.06

378.29

391.09

331.65

331.66

331.60

318.83

318.81

10

378.30

11

12

14

15

16

17

343.34

19

378.18

1962.708

331.48

quality

1965.125

331.54

378.21

331.50

receives

Contact:

1982.292

20

1981.458

318.91

21

318.64

23

343.20

24

318.62

25

318.69

26

366.68

outset

318.68

27

318.67

28

2007.875

29

366.69

March

1980.208

1989.042

1998.042

366.60

1986.708

331.39

354.87

331.46

354.85

1978.958

331.41

354.88

denoted

318.61

30

378.50

31

measurements

354.81

Scripps

1972.458

318.74

middle

318.77

2002.208

1971.708

1974.042

366.73

1963.958

378.47

2009.458

343.07

1994.875

343.06

1990.375

318.71

318.70

354.91

343.08

366.86

343.03

318.45

343.01

331.18

331.19

318.48

1963.542

1980.625

331.21

1987.458

378.73

318.54

366.99

318.57

318.56

366.91

2008.208

331.06

1997.208

2011.125

2001.875

1983.042

2010.375

318.20

391.25

318.29

318.27

1977.708

2006.625

2003.458

1966.375

378.92

1979.792

every

378.95

1984.292

318.31

318.35

318.33

reciprocate.

391.38

1995.625

1958.208

358.15

358.11

358.13

1973.292

358.10

1964.792

1999.292

338.92

trend

2007.458

318.06

fair

(water

1988.292

358.22

358.25

391.91

1979.375

338.94

391.94

318.10

318.13

work

collaborative

318.11

318.18

constitute

agree

318.15

1982.208

2002.625

358.39

358.36

1990.792

1964.375

co-authorship

2009.042

1996.875

micromol/mol,

371.18

1972.042

1960.708

326.94

1992.375

358.44

338.79

-99.99.

1961.958

2012.375

1983.458

2005.875

1978.542

1987.042

326.82

1976.958

326.86

326.87

358.57

358.51

1998.458

391.82

1981.875

391.83

314.80

2013.125

2010.792

314.85

395.08

1985.042

1959.042

2006.208

reference

338.59

326.76

326.77

2012.792

from

2008.292

371.41

2003.875

395.11

1975.708

395.15

1961.542

314.93

371.21

314.98

1978.125

1970.042

338.49

DATA

338.48

358.79

326.66

338.45

326.68

338.43

383.09

314.62

371.57

scientific

314.67

insure

1963.125

1969.625

1999.208

2004.625

1958.292

326.50

338.39

public

326.52

383.34

326.58

338.32

358.87

value

1962.792

314.71

371.49

2011.542

1997.625

1982.625

1991.125

request,

338.29

338.28

326.41

371.51

326.46

1986.292

338.20

358.98

326.49

1977.792

1991.875

1978.292

372.45

year

allowed

396.18

347.84

360.61

2014.125

360.56

1999.542

1976.208

384.25

understanding

327.02

1975.875

359.75

327.05

359.76

372.53

1986.042

2003.958

359.72

1962.375

1989.708

396.25

agreement

372.33

2013.792

360.74

community

315.29

360.71

347.71

contains

1994.292

384.13

1970.125

384.15

335.94

359.87

2006.375

359.91

347.66

323.98

molecules

1997.958

C.

360.84

360.82

384.50

360.80

The

384.49

2000.292

360.79

335.88

384.48

372.74

359.98

website

315.00

347.55

2004.792

details.

384.40

384.39

335.79

2012.542

1968.458

1983.625

347.49

347.47

2005.125

323.75

ethics

1969.208

384.73

1990.625

1984.875

1998.708

2012.958

represented.

335.68

335.66

1971.375

1977.042

335.60

1985.208

347.39

323.89

1995.042

323.87

347.30

384.64

users

1993.458

1959.458

335.56

384.56

1960.792

1974.625

396.71

decimal

396.78

1968.875

1988.958

323.57

384.91

364.01

352.14

347.21

384.98

352.19

335.49

versions.

352.22

1975.458

347.15

323.69

1961.125

323.67

2011.708

347.13

352.24

1967.625

352.29

384.81

352.30

352.32

1986.458

384.79

352.34

1970.542

1992.208

364.09

396.54

323.36

323.32

1968.042

323.31

352.36

1996.292

years

number

335.26

2009.625

364.17

1994.208

similar

1976.292

1980.375

364.33

2004.375

364.34

364.35

2001.042

1999.958

months.

Keeling

1987.708

Tans

335.10

1973.875

335.11

352.55

If

1966.458

323.16

401.75

323.15

other

2000.208

Laboratories

In

323.10

352.58

air

388.13

335.05

2014.542

352.65

396.81

396.80

1971.792

1985.625

396.87

2010.042

343.97

364.51

323.25

vapor

USE

376.16

323.20

376.15

388.03

343.92

1989.792

1974.208

364.47

396.96

preceding

1960.375

2002.292

1966.875

1972.625

376.48

1995.458

352.83

352.84

352.89

352.88

modified

376.51

new

323.04

343.78

388.26

1967.208

388.23

343.72

April

1958.625

331.99

352.93

331.94

1986.875

388.16

monthly

331.92

1988.542

376.45

1992.625

1997.042

File

388.50

343.63

343.66

1979.958

around

331.87

376.72

and

331.85

2013.708

OF

331.86

2008.875

376.79

331.82

343.59

1970.958

376.74

364.94

removed).

transport

1993.875

364.93

recalibration

1965.625

1975.042

1959.875

1969.292

2003.042

1973.458

331.74

376.66

abbreviated

2001.458

319.56

319.57

319.58

319.59

320.44

344.15

320.41

1972.542

367.13

319.55

401.15

332.33

355.30

2001.542

332.35

1963.625

367.08

344.05

320.36

320.37

319.67

319.68

using

319.69

320.55

models.

319.65

320.51

344.00

332.19

1989.375

2011.292

1997.125

332.24

355.46

1966.042

319.61

2010.458

355.40

1987.792

319.36

1979.875

367.34

319.31

1969.708

1982.375

367.37

2006.708

319.39

332.07

332.06

332.12

355.55

2008.792

497

1981.125

355.53

355.58

are

355.59

355.57

where

355.50

355.51

399.76

319.48

1980.792

319.42

319.44

1995.542

1991.042

355.65

355.63

1993.958

2003.125

379.16

355.68

code,

1988.125

1964.875

1973.375

320.25

320.26

through

340.92

1979.458

367.58

319.10

2002.792

2012.042

2000.708

392.15

run

319.16

procedures.

either

1981.542

355.75

355.78

380.29

319.25

340.81

339.97

339.98

340.88

340.86

392.26

mole

used,

367.63

1965.208

355.88

379.33

355.89

380.18

320.07

1964.458

380.17

339.90

#daily

320.03

339.93

1972.125

340.76

339.89

1990.292

1994.708

(-99.99

1996.792

2009.125

367.74

conclusion

not

380.41

380.47

380.45

401.29

1967.292

340.68

355.94

339.81

379.63

319.02

1998.375

2007.542

319.03

319.00

319.09

319.06

way

We

367.85

319.08

379.54

379.56

1978.625

380.38

window

2005.958

315.94

340.51

315.92

1987.375

315.99

1982.792

367.92

367.95

379.87

2008.375

380.63

1980.708

2013.292

greater

315.91

392.63

2011.208

1961.625

depends

340.44

steps.

1959.375

359.05

379.76

327.73

2003.542

1968.958

327.75

determined

327.78

1978.208

1983.125

359.00

2001.958

1991.458

315.70

339.41

392.34

315.71

340.30

380.90

Modelers

339.48

359.09

327.63

2004.708

1995.958

1962.875

359.12

1963.208

327.66

1999.125

1984.375

359.11

392.41

392.40

392.42

315.81

1977.875

339.32

315.88

1967.708

339.34

392.49

315.86

339.36

339.38

359.27

379.98

interpolated

327.51

380.75

1997.542

380.78

327.55

379.92

2006.792

392.52

340.17

315.50

339.20

340.11

339.23

1993.042

315.58

315.56

339.27

used

359.39

327.41

2014.042

1962.458

presented

340.04

359.32

340.02

360.19

315.61

2007.125

315.62

1998.792

315.66

1977.458

360.31

important

Missing

2002.708

327.34

daily

1979.042

327.37

359.40

372.26

392.78

372.23

339.00

372.22

315.31

1965.292

2005.542

315.38

cycle.

1990.208

2012.458

cycle;

1964.042

327.21

1976.625

359.52

327.24

359.54

392.81

359.55

384.09

359.50

392.87

347.99

315.42

347.96

1992.292

also

1983.542

2010.875

1996.708

1981.958

372.20

327.18

392.94

user

359.60

373.18

2005.208

1958.958

373.14

1966.958

361.32

2007.292

1982.958

324.93

336.79

336.78

1998.625

1977.125

373.20

1993.375

1963.292

accurately

an

348.40

324.80

1992.542

as

361.38

at

submitted

interpretation

324.84

1960.875

1990.958

361.34

336.65

373.10

324.88

397.01

336.61

1971.042

1974.708

348.38

be

373.36

373.37

361.54

348.31

(scrippsco2.ucsd.edu).

361.49

361.48

by

324.78

373.29

1961.208

column

1959.792

348.20

2013.458

1976.792

336.48

1969.375

324.63

1984.542

1965.708

336.40

324.69

freely

essential

348.16

397.26

348.11

312.66

1991.792

385.44

361.70

1989.625

361.68

1986.125

385.38

2014.208

2006.042

1994.125

324.57

2009.708

397.31

348.05

348.06

373.47

-99.99

348.01

1973.958

1999.875

1985.792

361.84

2004.458

361.81

1976.375

2013.875

324.41

1969.792

336.23

324.42

361.77

385.26

parts

336.21

1970.208

1975.542

397.08

1968.542

for

336.10

373.85

324.35

373.82

over

1983.708

2000.375

385.56

336.05

2012.625

336.03

336.01

1960.458

insights.

1962.042

373.71

397.20

324.09

1995.375

344.99

385.87

1961.292

353.05

1984.958

385.82

1974.792

1971.458

353.11

1992.958

easily

324.11

1972.708

model

324.14

if

Interpolated

344.85

in

365.01

1958.542

344.82

is

2005.292

385.73

397.80

353.24

324.00

324.01

373.93

365.12

1980.042

344.77

1988.875

353.27

cycle

2008.958

1989.208

1986.542

353.31

1967.375

2001.125

353.33

332.95

397.54

377.03

1959.708

377.01

377.00

belief

344.67

1993.792

385.92

Use

change

385.97

365.16

1975.125

365.18

complete

397.61

1970.625

320.89

320.87

2004.042

community,

319.97

344.54

365.35

389.04

344.50

1963.708

that

1973.542

353.53

1967.792

publication

documented

332.75

319.93

expressed

1968.125

1960.042

344.47

months

1996.125

377.06

320.92

2000.792

344.40

390.09

2009.792

1980.458

332.69

353.66

332.65

353.68

David

1991.708

1987.625

332.60

353.60

319.78

no

320.68

319.79

1974.375

344.35

365.52

320.63

319.74

319.77

320.62

2002.375

1981.292

332.48

365.50

397.90

353.74

1971.875

353.79

of

332.53

353.78

2014.625

319.72

1985.708

1994.542

377.45

320.58

on

1964.958

or

determine

nature

319.86

320.72

344.21

377.28

320.73

control

332.41

389.06

353.89

319.81

365.59

month)

work,

work.

month,

1966.542

353.80

344.17

2007.708

month.

319.80

321.10

1988.458

388.77

encouraged

321.08

376.98

they

Occasionally,

1964.542

1982.042

356.09

then

388.65

1986.958

2000.875

356.12

376.83

obtained

form.

321.18

1996.208

321.16

1972.208

368.00

368.04

1965.375

sum

1974.292

356.17

2002.458

388.96

1971.958

1983.292

356.23

356.27

2009.208

341.79

so

1994.625

1990.125

368.12

321.01

341.72

necessary

341.77

368.16

averages.

368.14

one

356.28

1998.292

356.33

356.32

356.37

change,

1978.708

341.68

to

341.69

1987.208

2007.625

356.30

341.62

341.63

368.24

341.61

341.64

available

1965.792

368.20

328.92

356.43

1997.458

328.96

328.99

2008.458

341.57

368.18

2001.625

1989.292

368.33

341.53

this

328.87

356.57

--------------------------------------------------------------------

341.47

support

1961.708

changed

1966.125

368.44

341.45

316.86

316.87

changes

1982.458

1962.958

2011.375

1958.458

1995.875

368.42

we

1999.042

381.11

328.77

381.14

missing

gas

1981.208

341.35

356.61

2010.125

1973.042

356.60

316.93

1977.958

wide

341.33

316.97

341.31

316.98

1980.875

2006.875

328.64

341.26

356.70

316.92

1988.042

1979.542

2003.208

368.68

column.

341.21

368.60

316.69

2011.792

2002.875

368.64

368.61

368.62

381.34

328.50

356.86

328.54

dissemination

review

328.57

328.56

381.35

1981.625

328.58

356.85

356.84

356.83

1990.542

1979.125

393.34

368.79

316.71

316.78

316.76

1969.875

316.79

368.72

1962.542

356.92

341.05

1984.042

2007.208

341.03

2012.125

316.70

356.93

2005.625

seasonal

316.43

393.04

ESRL

316.49

1978.792

316.47

tools

328.34

1964.125

1968.625

1998.208

328.36

1976.708

informed

316.51

393.12

316.52

1963.792

368.98

2009.292

316.55

316.54

1972.292

lead

1985.292

fraction

368.95

1992.125

2010.958

Model

1996.625

date

1975.958

393.66

data

own

316.21

316.26

1982.875

1987.292

1978.375

348.92

381.82

328.13

381.79

should

328.16

393.72

2010.542

Usually

316.38

general,

1960.958

sent

1963.375

1959.292

1970.292

2006.458

393.81

328.05

328.07

2003.625

1983.208

2008.042

393.49

348.77

1991.375

348.70

can

1984.458

1997.875

361.03

1977.542

336.92

393.51

393.56

2013.375

will

316.10

1999.458

2004.875

316.19

393.60

RECIPROCITY

336.82

